110308014201406101559206
071811110201406101600206
110311133201406101600206
071811089201406101600206
110109023201406101602206
071813191201406101607206
071811086201406101607206
110311087201406101611206
110304086201406101612206
110209007201406101612206
110311168201406101654206
110310013201406101654206
041810038201406101705206
110310050201406101711206
041800023201406101856106
110107048201406101856106
041800165201406101856106
110312071201406101856106
110404076201406101856106
110309033201406101856106
110311161201406101857106
110311041201406101857106
110308060201406101858206
110310001201406101858206
041800166201406101859206
110308129201406101859206
110308130201406101859206
110311074201406101900206
110312049201406101900206
110312052201406101900206
110311038201406101900206
110311032201406101900206
110313039201406101900206
110309048201406101900206
041800192201406101900206
110410001201406101900206
041800178201406101900206
041800088201406101900206
110310044201406101901206
110307027201406101901206
041800081201406110636106
041800192201406110636106
110308129201406110637106
110312052201406110637106
110311074201406110637106
110311038201406110637106
071811110201406110637106
071813191201406110637106
110310001201406110647106
110313045201406110647106
110312049201406110647106
110113004201406110648106
110310017201406110648106
110308060201406110648106
110410001201406110648106
110307027201406110648106
041800178201406110648106
110313070201406110650106
071811107201406110650106
110310044201406110657106
110209007201406110657106
041800165201406110658206
110312026201406110658206
110311161201406110658206
110309033201406110658206
041800023201406110658206
110312071201406110658206
110404076201406110659206
110107048201406110659206
110311041201406110659206
110311133201406110718106
110308014201406110718106
110304021201406110718106
071811086201406110718106
